0.000000230312 
0.000000238650 
0.000000246988 
0.000000255325 
0.000000263662 
0.000000272000 
0.000000272000 
0.000000272000 
0.000000272000 
0.000000272000 
0.000000272000 
0.000000272000 
0.000000268062 
0.000000256348 
0.000000243017 
0.000000231657 
0.000000225721 
0.000000223617 
0.000000225238 
0.000000231898 
0.000000240075 
0.000000246381 
0.000000250000 
0.000000250000 
0.000000250000 
0.000000246062 
0.000000242125 
0.000000238188 
0.000000234250 
0.000000230312 
